# Number of parameters = 160 Objective function value = 12245.2451539346  Maximum gradient component = 0.00287652773316231
# log_L50:
 2.93153111199843
# log_sigma1:
 1.24661694636508
# log_sigma2:
 6.90775527898214
# log_L50pel:
2.34212480231
# log_spel:
1.38838654436
# log_L50recl:
2.30485783618
# log_srecl:
1.17109249250
# log_Rmed:
2.34672359512
# log_desv_Rt:
 -0.688413763565 -0.614827032584 -0.00716098036393 0.377999005284 -0.533940221309 -0.432005679416 -0.244327455328 1.52594191387 -0.782386456118 0.219668195732 0.166894442738 0.651572084250 1.45649820242 1.09484900372 1.19603704401 0.943443021799 0.459331959791 0.227924996406 0.307802639499 -0.441343962864 -1.22524409239 -0.584038311744 -1.14299054817 -1.14092218212 -0.803779774135 -1.01756689600 0.285636765558 0.743834171160 0.00151390986405
# log_desv_Rs:
 1.14156879517 -1.22215246883 1.32701981501 -1.24643614135
# log_F:
 -0.765206937925 -1.74071164933 -2.81573650803 -1.50336445654 -0.0158908917770 -1.49910233434 -2.69091009548 -1.69779134545 0.355052621217 -0.630019929213 -1.50163437954 -1.62594808818 -0.160973320045 -1.09273982498 -2.47209189656 -1.52206142181 0.712113284165 -0.193629194296 -1.05623703164 -0.664893099946 -0.236689042407 -2.02605589599 -2.73692416129 -2.45333186262 -0.847114251687 -2.08070609422 -1.74624825471 -2.10913654890 -0.0359231254477 -0.493730735228 -3.04724248021 -2.71415514325 -0.226672262485 -0.539932699958 -1.17327504792 -1.41068341581 0.179925999162 0.536795210239 -1.67847223378 -0.334042210704 1.99999999209 1.96640744647 -0.686630567056 -0.694819669218 0.782583513642 -0.0336889692842 -3.00974112438 -1.40756664333 -0.208960945919 -0.449415749656 -2.21421318766 -4.57095362510 -0.358482855612 -0.295510724611 -1.43157433926 -2.96546950839 -0.411733885758 -0.679207879240 -2.59938725095 -2.58407283549 -0.713880611716 -0.733777255399 -2.07112943726 -2.20518474508 -1.67703941905 -0.991248209979 -2.28302182521 -1.64473054952 -0.817736022345 -0.421676509924 -2.72425373771 -1.61052793813 -2.00514125133 -0.232733458486 -3.72503039174 -1.77777454144 -1.55122817090 0.110778028495 -0.271723750248 0.569190174107 -1.92387396778 0.683299004749 -2.66549010742 -1.41662879411 -0.545892535814 0.530280315806 -2.03182632906 -2.19725050466 -2.17154097280 -0.465342334078 -2.91135017597 -1.26934065585 -1.15030998599 -1.83719841140 -6.65000404540 -3.04025716709 -2.41128948935 -0.830701433756 -4.25888384576 -3.29215985853 -3.74430398851 -0.776622956749 -6.67355675055 -1.51684798062 -0.898495003760 -1.20347673706 -3.56275249980 -2.11348763913 -1.96948603987 -2.04184646716 -4.14619182501 -1.90241373865 -2.61899438589 -2.44747017207 -7.93147982432 -2.73427106615
# log_qflo:
 -3.65044978938
# log_q_pel:
0.102794561142
# log_q_recl:
-0.620600991183
# log_b:
0.00000000000
# log_Lr:
1.61448745371
# log_sr:
0.00000000000
# log_beta:
-0.693147180560
