#numero_de_años	o	instantes																																					
29																																							
#numero_de_trimestres	por	año																																					
4																																							
#numero_de_años	para	conseguir	el	equilibrio																																			
12																																							
#numero_de_tallas																																							
37
# solo cambia el cv del pelaces,..... no pasa na

#Año	Est	B.rs	cv_r	nmB.rs	B.pel	cv_pel	nmB.pel	mph	cv_mph	CPUE	cv_cpue	Desemb	cv_des	nm																									
1990.1	1	0	0.3	30	0	0.3	30	0	0.3	0	0.3	42	0.01	30
1990.2	2	0	0.3	30	0	0.3	30	0	0.3	0	0.3	15.8	0.01	30
1990.3	3	0	0.3	30	0	0.3	30	0	0.3	0	0.3	5.9	0.01	30
1990.4	4	0	0.3	30	0	0.3	30	0	0.3	0	0.3	23.1	0.01	30
1991.1	1	0	0.3	30	0	0.3	30	0	0.3	0	0.3	82.4	0.01	30
1991.2	2	0	0.3	30	0	0.3	30	0	0.3	0	0.3	15.4	0.01	30
1991.3	3	0	0.3	30	0	0.3	30	0	0.3	0.92	0.3	5.1	0.01	30
1991.4	4	0	0.3	30	0	0.3	30	0	0.3	0	0.3	15	0.01	30
1992.1	1	0	0.3	30	0	0.3	30	0	0.3	0	0.3	89.9	0.01	30
1992.2	2	0	0.3	30	0	0.3	30	0	0.3	0	0.3	25.3	0.01	30
1992.3	3	0	0.3	30	0	0.3	30	0	0.3	1.51	0.3	11.6	0.01	30
1992.4	4	0	0.3	30	0	0.3	30	0	0.3	0	0.3	12.2	0.01	30
1993.1	1	0	0.3	30	0	0.3	30	0	0.3	0	0.3	54.8	0.01	30
1993.2	2	0	0.3	30	0	0.3	30	0	0.3	0	0.3	22.6	0.01	30
1993.3	3	0	0.3	30	0	0.3	30	0	0.3	1.69	0.3	7.1	0.01	30
1993.4	4	0	0.3	30	0	0.3	30	0	0.3	0	0.3	22.9	0.01	30
1994.1	1	0	0.3	30	0	0.3	30	0	0.3	0	0.3	179.1	0.01	30
1994.2	2	0	0.3	30	0	0.3	30	0	0.3	0	0.3	59.1	0.01	30
1994.3	3	0	0.3	30	0	0.3	30	0	0.3	2.71	0.3	29.3	0.01	30
1994.4	4	0	0.3	30	0	0.3	30	0	0.3	0	0.3	50.9	0.01	30
1995.1	1	0	0.3	30	0	0.3	30	0	0.3	0	0.3	79.2	0.01	30
1995.2	2	0	0.3	30	0	0.3	30	0	0.3	0	0.3	13.9	0.01	30
1995.3	3	0	0.3	30	0	0.3	30	0	0.3	4.43	0.3	8	0.01	30
1995.4	4	0	0.3	30	0	0.3	30	0	0.3	0	0.3	12	0.01	30
1996.1	1	0	0.3	30	0	0.3	30	0	0.3	0	0.3	58.8	0.01	30
1996.2	2	0	0.3	30	0	0.3	30	0	0.3	0	0.3	16.4	0.01	30
1996.3	3	0	0.3	30	0	0.3	30	0	0.3	2.64	0.3	23.5	0.01	30
1996.4	4	0	0.3	30	0	0.3	30	0	0.3	0	0.3	16.7	0.01	30
1997.1	1	0	0.3	30	0	0.3	30	0	0.3	0	0.3	108.9	0.01	30
1997.2	2	0	0.3	30	0	0.3	30	0	0.3	0	0.3	52.6	0.01	30
1997.3	3	0	0.3	30	0	0.3	30	0	0.3	2.79	0.3	4.5	0.01	30
1997.4	4	0	0.3	30	0	0.3	30	0	0.3	0	0.3	8.4	0.01	30
1998.1	1	0	0.3	30	0	0.3	30	0	0.3	0	0.3	121.3	0.01	30
1998.2	2	0	0.3	30	0	0.3	30	0	0.3	0	0.3	104.4	0.01	30
1998.3	3	0	0.3	30	0	0.3	30	0	0.3	3.01	0.3	71.4	0.01	30
1998.4	4	0	0.3	30	0	0.3	30	0	0.3	0	0.3	71.7	0.01	30
1999.1	1	0	0.3	30	0	0.3	30	0	0.3	0	0.3	343.5	0.01	30
1999.2	2	0	0.3	30	0	0.3	30	0	0.3	0	0.3	329.9	0.01	30
1999.3	3	0	0.3	30	0	0.3	30	0	0.3	10.86	0.3	28.5	0.01	30
1999.4	4	0	0.3	30	0	0.3	30	0	0.3	0	0.3	104.1	0.01	30
2000.1	1	404	0.3	30	0	0.3	30	0	0.3	0	0.3	317.6	0.01	30
2000.2	2	0	0.3	30	0	0.3	30	0	0.3	0	0.3	97.5	0.01	30
2000.3	3	0	0.3	30	0	0.3	30	0	0.3	0.98	0.3	8.9	0.01	30
2000.4	4	0	0.3	30	0	0.3	30	0	0.3	0	0.3	15.6	0.01	30
2001.1	1	451	0.3	30	0	0.3	30	0	0.3	0	0.3	86.1	0.01	30
2001.2	2	0	0.3	30	0	0.3	30	0	0.3	0	0.3	43.1	0.01	30
2001.3	3	0	0.3	30	0	0.3	30	0	0.3	0	0.3	3.1	0.01	30
2001.4	4	0	0.3	30	0	0.3	30	0	0.3	0	0.3	22.1	0.01	30
2002.1	1	1503	0.3	30	0	0.3	30	0	0.3	0	0.3	87.1	0.01	30
2002.2	2	0	0.3	30	0	0.3	30	0	0.3	0	0.3	75.1	0.01	30
2002.3	3	0	0.3	30	0	0.3	30	0	0.3	0	0.3	16.1	0.01	30
2002.4	4	0	0.3	30	0	0.3	30	0	0.3	0	0.3	2.1	0.01	30
2003.1	1	244	0.3	30	0	0.3	30	0	0.3	0	0.3	168.1	0.01	30
2003.2	2	0	0.3	30	600	0.3	30	0	0.3	0	0.3	186.1	0.01	30
2003.3	3	0	0.3	30	0	0.3	30	0	0.3	0	0.3	69.1	0.01	30
2003.4	4	0	0.3	30	0	0.3	30	0	0.3	0	0.3	19.1	0.01	30
2004.1	1	1245	0.3	30	0	0.3	30	0	0.3	0	0.3	271.1	0.01	30
2004.2	2	0	0.3	30	0	0.3	30	0	0.3	0	0.3	201.1	0.01	30
2004.3	3	0	0.3	30	0	0.3	30	0	0.3	0	0.3	32.1	0.01	30
2004.4	4	0	0.3	30	0	0.3	30	0	0.3	0	0.3	38.1	0.01	30
2005.1	1	909	0.3	30	0	0.3	30	0	0.3	0	0.3	251.1	0.01	30
2005.2	2	0	0.3	30	1224	0.3	30	0	0.3	0	0.3	223.1	0.01	30
2005.3	3	0	0.3	30	0	0.3	30	0	0.3	0	0.3	59.1	0.01	30
2005.4	4	0	0.3	30	0	0.3	30	0	0.3	0	0.3	57.1	0.01	30
2006.1	1	786	0.3	30	0	0.3	30	0	0.3	0	0.3	103.1	0.01	30
2006.2	2	0	0.3	30	2089	0.3	30	0	0.3	0	0.3	199.1	0.01	30
2006.3	3	0	0.3	30	0	0.3	30	0	0.3	0	0.3	54.1	0.01	30
2006.4	4	0	0.3	30	0	0.3	30	0	0.3	0	0.3	105.1	0.01	30
2007.1	1	897.145	0.3	30	0	0.3	30	0	0.3	0	0.3	219.1	0.01	30
2007.2	2	0	0.3	30	1031	0.3	30	0	0.3	0	0.3	258.1	0.01	30
2007.3	3	0	0.3	30	0	0.3	30	0	0.3	0	0.3	23.1	0.01	30
2007.4	4	0	0.3	30	0	0.3	30	0	0.3	0	0.3	72.1	0.01	30
2008.1	1	976.345	0.3	30	0	0.3	30	0	0.3	0	0.3	48.1	0.01	30
2008.2	2	0	0.3	30	0	0.3	30	0	0.3	0	0.3	233.1	0.01	30
2008.3	3	0	0.3	30	0	0.3	30	0	0.3	0	0.3	6.1	0.01	30
2008.4	4	0	0.3	30	0	0.3	30	0	0.3	0	0.3	45.1	0.01	30
2009.1	1	298.747	0.3	30	0	0.3	30	0	0.3	0	0.3	56.1	0.01	30
2009.2	2	0	0.3	30	1850	0.3	30	0	0.3	0	0.3	227.1	0.01	30
2009.3	3	0	0.3	30	0	0.3	30	0	0.3	0	0.3	108.1	0.01	30
2009.4	4	0	0.3	30	0	0.3	30	0	0.3	0	0.3	172.1	0.01	30
2010.1	1	17.067	0.3	30	0	0.3	30	0	0.3	0	0.3	12.1	0.01	30
2010.2	2	0	0.3	30	323	0.3	30	0	0.3	0	0.3	137.1	0.01	30
2010.3	3	0	0.3	30	0	0.3	30	0	0.3	0	0.3	4.1	0.01	30
2010.4	4	0	0.3	30	0	0.3	30	398	0.3	0	0.3	17.1	0.01	30
2011.1	1	25.796	0.3	30	0	0.3	30	0	0.3	0	0.3	41.1	0.01	30
2011.2	2	0	0.3	30	250	0.3	30	0	0.3	0	0.3	84.1	0.01	30
2011.3	3	0	0.3	30	0	0.3	30	0	0.3	0	0.3	5.1	0.01	30
2011.4	4	0	0.3	30	0	0.3	30	0	0.3	0	0.3	5.1	0.01	30
2012.1	1	99.942	0.3	30	0	0.3	30	0	0.3	0	0.3	6.1	0.01	30
2012.2	2	0	0.3	30	154	0.3	30	0	0.3	0	0.3	34.1	0.01	30
2012.3	3	0	0.3	30	0	0.3	30	0	0.3	0	0.3	3.1	0.01	30
2012.4	4	0	0.3	30	0	0.3	30	0	0.3	0	0.3	18.1	0.01	30
2013.1	1	71.235	0.3	30	0	0.3	30	0	0.3	0	0.3	21.1	0.01	30
2013.2	2	0	0.3	30	84	0.3	30	0	0.3	0	0.3	11.1	0.01	30
2013.3	3	0	0.3	30	0	0.3	30	0	0.3	0	0.3	0.1	0.01	30
2013.4	4	0	0.3	30	0	0.3	30	0	0.3	0	0.3	4.1	0.01	30
2014.1	1	116.472	0.3	30	0	0.3	30	0	0.3	0	0.3	8.1	0.01	30
2014.2	2	0	0.3	30	139	0.3	30	0	0.3	0	0.3	36.1	0.01	30
2014.3	3	0	0.3	30	0	0.3	30	0	0.3	0	0.3	1.1	0.01	30
2014.4	4	0	0.3	30	0	0.3	30	471	0.3	0	0.3	3.1	0.01	30
2015.1	1	120.7	0.3	30	0	0.3	30	0	0.3	0	0.3	2.1	0.01	30
2015.2	2	0	0.3	30	242	0.3	30	0	0.3	0	0.3	38.1	0.01	30
2015.3	3	0	0.3	30	0	0.3	30	0	0.3	0	0.3	0.1	0.01	30
2015.4	4	0	0.3	30	0	0.3	30	354	0.3	0	0.3	18.1	0.01	30
2016.1	1	218.422	0.3	30	0	0.3	30	0	0.3	0	0.3	31.1	0.01	30
2016.2	2	0	0.3	30	502	0.3	30	0	0.3	0	0.3	21.1	0.01	30
2016.3	3	0	0.3	30	0	0.3	30	0	0.3	0	0.3	2.1	0.01	30
2016.4	4	0	0.3	30	0	0.3	30	517	0.3	0	0.3	10.1	0.01	30
2017.1	1	84.188	0.3	30	0	0.3	30	0	0.3	0	0.3	13.1	0.01	30
2017.2	2	0	0.3	30	491	0.3	30	0	0.3	0	0.3	14.1	0.01	30
2017.3	3	0	0.3	30	0	0.3	30	0	0.3	0	0.3	2.1	0.01	30
2017.4	4	0	0.3	30	0	0.3	30	443	0.3	0	0.3	24.1	0.01	30
2018.1	1	347.16	0.1	30	0	0.3	30	0	0.3	0	0.3	14.1	0.01	30
2018.2	2	0	0.3	30	745	0.3	30	0	0.3	0	0.3	20.1	0.01	30
2018.3	3	0	0.3	30	0	0.3	30	0	0.3	0	0.3	0.1	0.01	30
2018.4	4	0	0.3	30	0	0.3	30	108	0.3	0	0.3	21.1	0.01	30
																																							
																																							
																																							
#grupos_de_Tallas																																							
3	3.5	4	4.5	5	5.5	6	6.5	7	7.5	8	8.5	9	9.5	10	10.5	11	11.5	12	12.5	13	13.5	14	14.5	15	15.5	16	16.5	17	17.5	18	18.5	19	19.5	20	20.5	21			
																																							
#	Frecuencia	de	tallas	de	la	captura	(para las tallas 3-4.5 fue base inpesca, para el restante fue base ifop)																																
																																							
0	0	0	0	0	0	0	0	0	0	0	0	0	0	0	0	0	0	0	0	0	0	0	0	0	0	0	0	0	0	0	0	0	0	0	0	0			
0	0	0	0	0	0	0	0	0	0	0	0	0	0	0	0	0	0	0	0	0	0	0	0	0	0	0	0	0	0	0	0	0	0	0	0	0			
0	0	0	0	0	0	0	0	0	0	0	0	0	0	0	0	0	0	0	0	0	0	0	0	0	0	0	0	0	0	0	0	0	0	0	0	0			
0	0	0	0	0	0	0	0	0	0	0	0	0	0	0	0	0	0	0	0	0	0	0	0	0	0	0	0	0	0	0	0	0	0	0	0	0			
0	0	0	0	0	0	0	0	0	0	0	0	0	0	0	0	0	0	0	0	0	0	0	0	0	0	0	0	0	0	0	0	0	0	0	0	0			
0	0	0	0	0	0	0	0	0	0	0	0	0	0	0	0	0	0	0	0	0	0	0	0	0	0	0	0	0	0	0	0	0	0	0	0	0			
0	0	0	0	0	0	0	0	0	0	0	0	0	0	0	0	0	0	0	0	0	0	0	0	0	0	0	0	0	0	0	0	0	0	0	0	0			
0	0	0	0	0	0	0	0	0	0	0	0	0	0	0	0	0	0	0	0	0	0	0	0	0	0	0	0	0	0	0	0	0	0	0	0	0			
0	0	0	0	0	0	0	0	0	0	0	0	0	0	0	0	0	0	0	0	0	0	0	0	0	0	0	0	0	0	0	0	0	0	0	0	0			
0	0	0	0	0	0	0	0	0	0	0	0	0	0	0	0	0	0	0	0	0	0	0	0	0	0	0	0	0	0	0	0	0	0	0	0	0			
0	0	0	0	0	0	0	0	0	0	0	0	0	0	0	0	0	0	0	0	0	0	0	0	0	0	0	0	0	0	0	0	0	0	0	0	0			
0	0	0	0	0	0	0	0	0	0	0	0	0	0	0	0	0	0	0	0	0	0	0	0	0	0	0	0	0	0	0	0	0	0	0	0	0			
0	0	0	0	0	0	0	0	0	0	0	0	0	0	0	0	0	0	0	0	0	0	0	0	0	0	0	0	0	0	0	0	0	0	0	0	0			
0	0	0	0	0	0	0	0	0	0	0	0	0	0	0	0	0	0	0	0	0	0	0	0	0	0	0	0	0	0	0	0	0	0	0	0	0			
0	0	0	0	0	0	0	0	0	0	0	0	0	0	0	0	0	0	0	0	0	0	0	0	0	0	0	0	0	0	0	0	0	0	0	0	0			
0	0	0	0	0	0	0	0	0	0	0	0	0	0	0	0	0	0	0	0	0	0	0	0	0	0	0	0	0	0	0	0	0	0	0	0	0			
0	0	0	0	0	0	0	0	0	0	0	0	0	0	0	0	0	0	0	0	0	0	0	0	0	0	0	0	0	0	0	0	0	0	0	0	0			
0	0	0	0	0	0	0	0	0	0	0	0	0	0	0	0	0	0	0	0	0	0	0	0	0	0	0	0	0	0	0	0	0	0	0	0	0			
0	0	0	0	0	0	0	0	0	0	0	0	0	0	0	0	0	0	0	0	0	0	0	0	0	0	0	0	0	0	0	0	0	0	0	0	0			
0	0	0	0	0	0	0	0	0	0	0	0	0	0	0	0	0	0	0	0	0	0	0	0	0	0	0	0	0	0	0	0	0	0	0	0	0			
0	0	0	0	0	0	0	0	0	0	0	0	0	0	0	0	0	0	0	0	0	0	0	0	0	0	0	0	0	0	0	0	0	0	0	0	0			
0	0	0	0	0	0	0	0	0	0	0	0	0	0	0	0	0	0	0	0	0	0	0	0	0	0	0	0	0	0	0	0	0	0	0	0	0			
0	0	0	0	0	0	0	0	0	0	0	0	0	0	0	0	0	0	0	0	0	0	0	0	0	0	0	0	0	0	0	0	0	0	0	0	0			
0	0	0	0	0	0	0	0	0	0	0	0	0	0	0	0	0	0	0	0	0	0	0	0	0	0	0	0	0	0	0	0	0	0	0	0	0			
0	0	0	0	0	0	0	0	0	0	0	0	0	0	0	0	0	0	0	0	0	0	0	0	0	0	0	0	0	0	0	0	0	0	0	0	0			
0	0	0	0	0	0	0	0	0	0	0	0	0	0	0	0	0	0	0	0	0	0	0	0	0	0	0	0	0	0	0	0	0	0	0	0	0			
0	0	0	0	0	0	0	0	0	0	0	0	0	0	0	0	0	0	0	0	0	0	0	0	0	0	0	0	0	0	0	0	0	0	0	0	0			
0	0	0	0	0	0	0	0	0	0	0	0	0	0	0	0	0	0	0	0	0	0	0	0	0	0	0	0	0	0	0	0	0	0	0	0	0			
0	0	0	0	0	0	0	0	0	0	0	0	0	0	0	0	0	0	0	0	0	0	0	0	0	0	0	0	0	0	0	0	0	0	0	0	0			
0	0	0	0	0	0	0	0	0	0	0	0	0	0	0	0	0	0	0	0	0	0	0	0	0	0	0	0	0	0	0	0	0	0	0	0	0			
0	0	0	0	0	0	0	0	0	0	0	0	0	0	0	0	0	0	0	0	0	0	0	0	0	0	0	0	0	0	0	0	0	0	0	0	0			
0	0	0	0	0	0	0	0	0	0	0	0	0	0	0	0	0	0	0	0	0	0	0	0	0	0	0	0	0	0	0	0	0	0	0	0	0			
0	0	0	0	0	0	0	0	0	0	0	0	0	0	0	0	0	0	0	0	0	0	0	0	0	0	0	0	0	0	0	0	0	0	0	0	0			
0	0	0	0	0	0	0	0	0	0	0	0	0	0	0	0	0	0	0	0	0	0	0	0	0	0	0	0	0	0	0	0	0	0	0	0	0			
0	0	0	0	0	0	0	0	0	0	0	0	0	0	0	0	0	0	0	0	0	0	0	0	0	0	0	0	0	0	0	0	0	0	0	0	0			
0	0	0	0	0	0	0	0	0	0	0	0	0	0	0	0	0	0	0	0	0	0	0	0	0	0	0	0	0	0	0	0	0	0	0	0	0			
0	0	0	0	0	0	0	0	0	0	0	0	0	0	0	0	0	0	0	0	0	0	0	0	0	0	0	0	0	0	0	0	0	0	0	0	0			
0	0	0	0	0	0	0	0	0	0	0	0	0	0	0	0	0	0	0	0	0	0	0	0	0	0	0	0	0	0	0	0	0	0	0	0	0			
0	0	0	0	0	0	0	0	0	0	0	0	0	0	0	0	0	0	0	0	0	0	0	0	0	0	0	0	0	0	0	0	0	0	0	0	0			
0	0	0	0	0	0	0	0	0	0	0	0	0	0	0	0	0	0	0	0	0	0	0	0	0	0	0	0	0	0	0	0	0	0	0	0	0			
0	0	0	0	0	0	0	0	0	0	0	0	0	0	0	0	0	0	0	0	0	0	0	0	0	0	0	0	0	0	0	0	0	0	0	0	0			
0	0	0	0	0	0	0	0	0	0	0	0	0	0	0	0	0	0	0	0	0	0	0	0	0	0	0	0	0	0	0	0	0	0	0	0	0			
0	0	0	0	0	0	0	0	0	0	0	0	0	0	0	0	0	0	0	0	0	0	0	0	0	0	0	0	0	0	0	0	0	0	0	0	0			
0	0	0	0	0	0	0	0	0	0	0	0	0	0	0	0	0	0	0	0	0	0	0	0	0	0	0	0	0	0	0	0	0	0	0	0	0			
0	0	0	0	0	13.535	4.512	27.069	81.208	166.928	753.431	1989.6	4773.236	7877.193	11161.613	13065.493	11387.191	9528.426	7773.427	5675.549	3830.319	2553.546	1818.161	1087.287	942.917	694.781	397.018	171.439	76.697	40.604	4.512	4.512	0	0	0	0	0			
0	0	0	0	0	0	0	2.845	21.335	36.981	147.924	179.215	586.005	1092.358	2581.55	4824.582	7077.571	9036.136	8076.055	5146.032	2393.801	913.143	351.318	261.711	189.171	155.035	88.185	35.559	15.646	4.267	2.845	1.422	0	0	0	0	0			
0	0	0	0	0	0	0	0	0	0	0	8.708	0	17.415	34.831	60.954	174.155	359.919	374.432	339.601	380.237	397.653	371.53	307.673	252.524	182.862	119.006	40.636	11.61	0	2.903	0	0	2.903	0	0	0			
0	0	0	0	0	0	0	17.867	59.556	119.111	136.978	154.845	369.245	494.312	404.978	482.401	595.556	1322.135	2024.892	2596.626	2834.848	2227.381	2161.87	1488.891	1357.869	1292.357	935.024	661.068	166.756	65.511	47.645	5.956	0	0	0	0	0			
0	0	0	0	0	0	0	0	97.119	631.273	2126.906	3807.064	5662.037	7565.569	9129.184	9245.727	8410.504	5759.156	3554.555	2661.06	4690.847	3991.59	4448.049	3904.183	4098.421	3962.454	2292.008	786.664	165.102	19.424	0	0	0	0	0	0	0			
0	0	0	0	0	0	0	0	0	0	61.924	154.809	328.196	1114.628	2173.525	4489.474	5424.523	6793.039	7350.353	7579.471	6272.879	5566.948	5059.173	5610.294	6068.53	5424.523	3244.806	1541.902	365.35	117.655	6.192	18.577	0	0	0	0	0			
0	0	0	0	0	0	9.203	38.347	133.448	234.685	449.43	694.852	977.088	1211.773	1426.518	1512.416	1429.586	1415.781	1076.791	886.589	572.141	348.193	378.871	444.828	622.76	760.81	590.548	269.965	70.559	10.737	1.534	0	0	0	0	0	0			
0	0	0	0	0.521	0	3.646	6.511	10.158	15.367	29.692	45.84	56.779	81.001	97.93	157.574	212.529	235.97	213.831	195.079	143.509	120.329	97.409	96.107	111.213	145.593	122.933	61.988	17.19	2.605	0.26	0	0	0	0	0	0			
0	0	0	0	0	13.036	104.29	534.488	1225.411	2972.274	4093.394	6374.745	7000.487	10129.196	9751.143	11693.55	14509.388	14926.55	14118.3	15969.453	13883.647	14352.953	10468.139	6218.309	3715.342	1994.552	1499.173	1447.028	573.597	195.544	13.036	0	0	0	0	0	0			
0	0	0	0	0	0	0	9.692	96.921	348.916	1424.739	2830.094	5185.275	8529.051	10147.633	13724.019	13074.648	14334.621	14586.616	15836.897	16747.955	17881.931	16156.737	14596.308	9769.641	5815.262	2684.713	1502.276	823.829	319.839	19.384	9.692	0	0	0	0	0			
0	0	0	0	0	0	0	0	0	27.777	138.887	354.934	1015.419	1922.815	3120.331	4003.036	4533.894	4033.9	3564.77	4086.369	4848.705	6246.835	7546.202	8228.292	7120.281	4641.917	2089.48	1018.506	351.847	120.369	27.777	9.259	0	0	0	0	0			
0	0	0	0.003	0	0	0	0	1.477	1.477	17.724	50.219	96.007	75.328	115.208	233.37	330.854	611.489	881.785	1369.203	1748.799	2339.61	3072.215	3143.112	2423.8	1533.153	635.121	332.331	100.438	31.018	10.339	1.477	0	0	0	0	0			
0	0	0	0	0	0	0	0	26.891	67.228	242.021	497.488	1747.933	3388.3	4477.396	7153.078	8107.718	12262.419	14884.318	19200.367	20195.344	20020.55	22682.786	27603.888	31059.417	35173.781	24067.686	13405.298	3737.886	860.521	107.565	0	13.446	0	0	0	0			
0	0	0	0	0	0	0	0	0	84.539	169.078	140.899	535.415	479.056	1366.718	2662.986	4917.366	7678.981	9257.047	12864.054	19486.295	20458.496	22783.325	20303.508	19317.216	21261.619	19923.081	12314.549	3452.019	887.662	140.899	28.18	0	0	0	0	0			
0	0	0	0	0	0	0	4.72	4.72	4.72	4.72	14.159	99.112	207.663	410.607	670.186	854.251	925.045	1316.773	1835.931	2364.528	2808.172	3077.19	3634.105	3973.918	3992.796	3020.555	1736.819	627.709	287.897	42.477	0	0	0	0	0	0			
0	0	0	0	0	0	0	0	0	3.333	16.667	6.667	13.333	20	43.334	146.668	266.67	430.005	836.676	1303.347	2583.361	3476.704	5243.389	5463.392	5320.057	5130.055	4083.377	2380.025	760.008	183.335	36.667	3.333	3.333	0	0	0	0			
0	0	0	0	0	0	0	0	22.421	112.106	280.264	493.265	1614.321	2701.746	4753.279	6838.443	9730.769	14024.414	17376.373	20593.804	21154.332	19158.852	18721.64	20033.276	22320.231	22981.654	21087.069	15739.63	7869.815	2993.22	650.213	134.527	0	0	0	0	0			
0	0	0	0	0	0	0	0	0	0	24.189	96.757	217.703	653.109	1233.65	2346.354	4716.896	7160.007	9603.117	13425.013	17464.611	21794.48	24721.375	24914.889	23294.212	20270.56	17779.071	14731.23	9869.199	4837.842	2056.083	919.19	411.217	24.189	0	0	0			
0	0	0	0	0	30.041	0	0	0	0	15.02	97.632	405.55	961.304	1817.465	2020.24	2170.444	1930.118	2035.261	2140.403	2681.137	2943.993	4874.111	5595.089	5970.598	5001.784	3785.134	3094.197	2433.3	2868.891	2500.892	2207.995	1006.365	443.101	0	0	0			
0	0	0	0.002	0	0	7.816	3.908	50.806	164.143	293.113	230.582	144.602	207.133	351.736	383.001	640.941	1094.289	2051.792	3048.376	3912.083	4994.647	6331.243	7175.408	7077.704	6460.212	4642.911	3255.509	1805.577	1160.728	824.625	554.961	359.552	128.97	0	0	0			
0	0	0	0	0	0	16.692	38.947	66.766	66.766	139.096	383.906	745.556	1552.314	2197.72	3410.639	3905.821	5825.349	6220.382	7650.291	7989.686	8406.974	8434.794	7310.896	6943.682	6876.916	7310.896	6131.361	4178.45	2882.073	1824.942	1413.217	778.939	322.703	27.819	0	0			
0	0	0	0	0	0	0	0	26.823	53.645	53.645	214.582	616.923	724.214	1636.187	1904.414	3755.182	4720.801	8449.16	16388.688	19392.834	28271.158	24569.621	22101.93	18749.088	12955.379	11185.079	8422.337	5176.787	3755.182	1850.768	1743.477	1448.427	670.568	107.291	0	0			
0	0	0	0.026	0	0	7.855	0	3.928	0	11.783	54.986	161.03	380.974	651.977	1280.388	1830.248	2109.105	2494.007	3012.447	3601.582	4650.244	5608.571	5781.384	4991.942	4383.169	4304.618	3373.783	2297.629	1582.811	624.484	404.54	227.799	86.407	7.855	0	0			
0	0	0.014	0.015	0	0	0	0	0	9.231	46.155	143.079	678.472	1200.019	2469.27	3009.278	2940.047	2930.816	3073.895	3526.21	4887.77	6544.719	8538.597	11012.482	11894.034	11561.722	10767.863	8626.29	5501.626	2644.657	1606.179	858.475	470.777	180.003	55.385	0	0			
0	0	0	0	0	0	0	0	0	241.353	804.51	1146.427	1669.358	2835.897	3791.253	6043.88	8356.846	11303.363	14330.331	16995.27	17357.3	15728.167	14933.714	15728.167	15466.702	16160.591	15114.728	14290.106	9191.525	6878.559	4042.662	3248.208	1950.936	1146.427	392.199	80.451	50.282			
0.05	0.05	0	0	0	0	0	45.554	79.719	182.215	239.157	421.372	649.14	1480.495	3040.709	5705.601	8188.277	10670.954	14155.812	17526.785	17913.992	19474.206	20362.503	20556.106	18802.289	21193.858	23220.998	22378.254	16046.29	8848.806	3530.412	2084.082	979.405	409.983	68.331	68.331	0			
0.006	0.006	0	0	0	0	0	0	1.786	5.359	53.593	75.031	101.828	155.421	191.15	294.764	560.945	703.861	841.418	886.079	952.178	1114.745	1436.306	1677.477	2084.787	2350.968	2881.544	2781.503	2006.183	948.605	317.988	173.286	75.031	17.864	3.573	0	0			
0	0	0	0.027	0	0	0	0	0	0	0	0	3.546	0	21.275	42.549	237.566	280.115	365.213	1060.182	1875.707	4354.193	7673.024	9403.355	9126.785	9832.391	9126.785	8027.6	5347.006	2932.343	1070.819	436.128	177.288	78.007	17.729	14.183	0			
0	0	0	0	0	0	0	0	0	0	0	41.07	73.926	139.637	648.903	1421.015	2193.127	2653.108	1831.712	1330.661	870.679	936.391	1264.949	2866.671	4304.114	5224.077	5298.002	4928.374	4156.262	2866.671	1963.136	1322.447	813.182	492.837	213.563	8.214	0			
0	0	0	0	0	0	0	0	0	77.011	218.197	962.636	2618.369	4517.97	6006.847	7393.042	9703.368	12976.329	14478.041	19804.625	18816.319	17468.629	15081.293	12244.726	9305.478	9266.973	11731.32	15017.117	14657.733	11898.177	7585.569	5660.298	3311.467	1771.25	770.109	115.516	0			
0	0	0	0	0	0	0	0	0	0	4.218	6.328	37.965	44.293	94.913	147.643	160.298	162.407	141.315	179.281	175.062	179.281	253.102	217.246	259.43	225.683	316.378	455.584	607.445	731.887	643.301	527.296	329.033	164.516	31.638	8.437	0			
0	0	0	0	0	0	0	0	0	0	0	0	17.532	70.128	236.682	578.557	828.388	1130.816	1459.541	1840.863	2064.396	2423.803	3173.297	4054.282	4361.092	5005.394	4773.095	5088.672	3716.79	2283.547	1095.752	429.535	179.703	74.511	21.915	4.383	0			
0	0	0	0	0	0	0	0	10.868	65.207	108.679	717.281	1510.638	2390.938	3619.011	5216.592	4412.368	4303.689	3108.22	2564.825	1673.657	880.3	1108.526	1717.128	3705.954	6259.911	6227.307	3955.916	1499.77	684.678	423.848	173.886	76.075	32.604	0	0	0			
0	0	0	0	0	0	0	0	54.009	189.03	688.609	1863.296	3348.532	6102.97	9208.463	15149.407	19159.544	25802.6	26342.686	28097.965	20334.231	13988.223	8951.922	6778.077	7682.721	8249.811	9829.562	8317.322	3996.635	1822.79	661.605	243.039	108.017	13.502	0	0	0			
0	0	0	0	0	0	0	0	0	14.709	147.095	235.351	794.311	1367.98	2132.872	3015.44	4177.487	5236.568	4986.508	6516.292	5986.751	6148.555	4707.028	4574.643	5236.568	8163.751	12532.462	14459.401	8825.677	4354.001	2691.832	956.115	455.993	102.966	44.128	0	0			
0	0	0	0	0	0	0	0	0	52.05	208.202	468.453	1041.008	1899.839	4007.879	7859.607	10904.554	13793.35	13819.376	13819.376	10644.302	10592.252	10696.353	9863.547	8822.539	10279.95	12440.04	12830.418	9004.715	5621.441	1899.839	988.957	130.126	52.05	0	0	0			
0	0	0	0	0	0	0	0	7.198	32.392	39.59	93.576	165.558	190.752	136.766	183.554	143.964	410.297	482.279	547.063	669.432	626.243	680.229	741.414	763.008	748.612	914.17	1144.512	1356.859	1202.098	511.072	248.338	53.986	10.797	3.599	0	0			
0	0	0	0	0	0	0	0	0	15.472	185.664	495.104	912.847	2011.358	3001.565	3945.356	4981.979	7426.553	9020.168	12872.692	14234.227	15874.258	14884.051	10969.638	6792.202	6188.794	6668.426	5755.579	5972.187	3465.725	974.735	355.856	108.304	15.472	0	0	0			
0	0	0	0	0	0	0	0	0	0	0	0	4.187	9.071	35.587	135.372	173.053	207.245	228.178	261.673	247.717	318.194	336.336	316.1	328.661	231.667	152.119	170.959	195.382	167.47	48.846	11.862	0	0.698	0	0	0			
0	0	0	0	0	0	0	0	0	5.283	5.283	0	0	5.283	58.108	105.65	269.408	491.273	1061.783	1183.281	1389.298	1774.921	2165.827	2039.046	2065.459	1568.904	956.133	887.461	570.51	507.12	206.018	21.13	15.848	0	0	0	0			
0	0	0	0	0	0	0	0	0	0	0	31.997	106.655	341.296	469.282	1333.189	2207.761	2922.35	3380.967	4980.794	5663.387	5759.376	4255.539	3306.309	2623.716	2111.771	810.579	405.289	362.627	191.979	106.655	21.331	10.666	0	0	0	0			
0	0	0	0	0	0	0	0	0	28.08	42.121	84.241	238.683	505.447	1038.974	2471.074	3580.249	4422.66	5616.077	7244.739	8255.633	11077.711	11878.002	9224.406	5658.197	3931.254	2485.114	1572.501	1418.059	1853.305	1193.416	379.085	56.161	28.08	0	0	0			
0	0	0	0	0	0	0	0	0	0	0	0	0	0	2.256	9.024	31.583	85.726	146.636	311.32	315.832	388.022	439.909	532.403	430.885	322.6	333.88	284.249	184.987	288.761	279.737	142.124	22.559	0	0	0	0			
0	0	0	0	0	0	0	0	0	1.129	2.258	2.258	6.775	15.808	14.679	12.421	18.067	30.488	71.138	155.826	276.648	494.579	746.385	897.694	801.714	678.634	415.536	196.476	107.272	55.33	13.55	5.646	1.129	0	0	0	0			
0	0	0	0	0	0	0	0	15.558	72.603	186.693	290.411	176.321	165.949	103.718	51.859	31.116	57.045	41.487	62.231	72.603	119.276	155.578	295.597	560.079	917.907	1239.434	694.913	269.668	114.09	20.744	10.372	0	0	0	0	0			
0	0	0	0	0	0	0	0	11.028	60.654	148.878	192.99	672.707	964.949	1543.919	2359.99	2266.252	2359.99	1659.713	2200.084	2100.832	2619.148	3578.583	3898.395	2266.252	1775.507	1218.593	998.033	562.428	248.13	22.056	11.028	0	5.514	0	0	0			
0	0	0	0	0	0	0	0	0	2.605	10.42	56.008	105.504	170.63	138.067	122.437	151.092	221.428	226.638	278.739	250.083	244.873	261.806	263.108	251.386	260.503	204.495	141.974	61.218	18.235	3.908	1.303	0	0	0	0	0			
0	0	0	0	0	0	0	0	0	2.79	5.579	0	16.738	11.158	27.896	44.633	86.477	192.481	340.329	661.132	1166.047	1746.281	2457.625	2725.425	2784.007	2471.573	1726.754	1015.409	513.284	223.167	50.213	16.738	0	0	0	0	0			
0	0	0	0	0	0	0	0	0	0	23.262	54.279	62.033	69.787	62.033	77.541	139.573	504.015	1186.374	1713.652	2132.372	3124.894	2822.485	2411.519	1837.717	1581.832	1380.226	1031.293	356.688	62.033	23.262	7.754	0	0	0	0	0			
0	0	0	0	0	0	0	2.245	2.245	11.226	7.858	12.349	11.226	12.349	21.329	33.678	33.678	69.601	111.137	262.686	577.012	1083.301	1707.462	2229.467	1852.277	1201.173	698.252	419.849	205.434	106.646	40.413	3.368	0	0	0	0	0			
0	0	0	0	0	0	0	0	0	0.454	0.68	0.227	0.68	0.68	0.454	0.68	1.814	1.814	5.443	8.165	17.009	33.792	51.936	73.254	73.708	51.255	31.071	19.958	14.968	1.814	0.454	0	0	0	0	0	0			
0	0	0	0	0	0	0	0	0	0	3.459	5.188	17.294	43.234	65.715	102.032	150.453	140.077	193.687	219.627	207.522	304.366	370.081	394.292	534.369	587.979	430.608	198.875	69.174	20.752	1.729	1.729	0	0	0	0	0			
0	0	0	0	0	0	0	0	0	0	9.257	9.257	13.886	4.629	18.515	60.173	41.658	87.945	120.346	166.632	314.75	597.099	689.673	1013.68	930.364	754.474	569.327	689.673	610.985	847.048	388.809	152.746	41.658	4.629	0	0	0			
0	0	0	0	0	0	0	0	0	0	0	0	13.686	6.843	75.275	75.275	164.237	191.61	403.749	691.164	1122.287	1560.252	2586.734	3414.762	4071.71	5337.704	4817.62	3606.372	3161.563	2360.908	1430.231	773.283	198.453	61.589	0	0	0			
0	0	0	0	0	0	0	0	0	0	0	0	0	0.352	0.352	0.352	4.582	3.524	2.819	18.679	27.49	53.922	62.028	64.848	71.897	74.364	62.381	41.235	22.908	16.564	10.925	7.401	1.762	0	0	0	0			
0	0	0	0	0	0	0.746	3.73	2.238	5.222	0	3.73	7.46	8.952	5.968	5.968	2.238	21.634	40.283	114.136	149.944	143.23	162.626	201.417	268.556	375.232	360.313	295.412	173.815	86.535	36.553	17.904	7.46	2.238	0	0	0			
0	0	0	0	0	0	0	0	0	0	0	0	1.227	4.296	4.91	6.137	10.433	10.433	18.411	15.956	28.844	47.869	93.897	150.358	182.885	212.956	224.003	204.978	154.04	144.835	92.056	54.006	19.025	3.682	0.614	0	0			
0	0	0	0	0	0	0	0	58.173	285.577	624.039	1126.443	1612.981	1893.27	2083.654	1872.116	1766.347	1813.943	1639.423	1866.827	1343.27	1147.596	1047.116	1427.885	1898.558	3009.135	3839.424	3458.655	1798.077	925.481	650.481	571.154	285.577	111.058	10.577	0	0			
0	0	0	0	0	0	0	0	0	0	0	0	0.058	0.289	0.81	2.026	2.894	3.763	3.589	2.489	2.663	2.547	4.573	4.979	2.952	0.637	1.1	0.521	0.463	0.116	0.232	0	0	0	0	0	0			
0	0	0	0	0	0	0	0	0	0	2.981	0	0	0	53.66	47.698	71.546	169.923	333.883	757.199	1201.383	2015.222	1931.752	2220.918	2039.071	2083.788	1556.133	1258.023	971.838	715.464	351.77	184.828	83.471	11.924	5.962	2.981	0			
0	0	0	0	0	0	2.347	18.773	75.09	68.05	46.931	126.714	152.527	206.498	244.043	342.598	483.392	617.146	718.048	884.654	901.08	736.821	678.157	664.077	1102.885	1919.488	2691.508	3379.05	4275.437	4498.361	3515.151	1837.359	837.723	246.389	56.318	16.426	0			
0	0	0	0	2.537	22.833	63.426	167.445	350.112	423.686	692.613	900.65	844.835	837.224	669.779	537.853	383.094	494.723	621.576	568.298	568.298	692.613	652.02	743.354	854.984	1326.874	1425.818	1671.911	1565.356	1649.078	1212.707	827.076	271.464	129.389	15.222	0	0			
0	0	0	0	0	0	0	0	1.042	0	15.629	37.511	50.014	52.098	54.182	62.518	70.853	144.833	125.036	75.021	79.189	69.812	127.12	153.169	186.511	177.134	156.294	160.462	140.665	157.336	106.28	54.182	23.965	6.252	0	0	0			
0	0	0	0	0	0.741	21.475	49.614	97.748	107.374	129.59	125.146	188.831	184.387	129.59	183.647	231.04	316.199	355.446	384.326	439.124	656.093	812.341	890.836	874.544	844.183	704.227	565.011	436.902	389.509	291.762	217.71	86.64	33.323	4.443	0	0			
0	0	0	0	0	0	0	0	6.661	16.652	28.308	46.625	41.629	36.634	41.629	33.303	113.231	208.146	386.319	338.029	496.22	489.559	496.22	562.827	672.728	1042.395	1285.509	1453.691	1198.921	1070.703	814.267	889.199	512.872	229.793	44.96	3.33	0			
0	0	0	0	0	0	3.502	7.004	29.768	75.295	260.905	439.511	534.067	474.531	549.826	646.133	563.834	686.407	660.141	583.096	358.963	313.436	250.398	457.021	742.44	1134.673	1244.988	1001.594	1041.868	861.511	570.838	271.411	56.033	12.257	1.751	0	0			
0	0	0	0	0	0	0	0.174	4.172	14.602	44.154	98.739	139.069	133.68	155.757	192.089	193.306	185.483	181.137	159.929	109.169	65.188	35.81	19.296	13.038	12.342	8.866	7.649	6.953	7.996	5.91	1.912	1.043	0.695	0	0	0			
0	0	0.001	0	14.496	76.62	47.628	140.814	192.584	105.611	188.443	248.496	294.053	279.558	459.717	904.939	1343.948	1774.674	1956.904	2118.426	2352.426	2298.586	1998.32	1573.806	1368.797	1099.594	952.567	778.62	679.222	482.496	335.469	140.814	53.841	12.425	0	0	0			
0	0	0	0	0	0.838	0.838	7.544	3.353	6.705	25.984	59.511	77.951	135.786	217.09	277.439	372.154	406.52	486.985	629.477	837.346	1030.967	1287.452	1262.306	1310.921	1258.953	1087.964	912.783	751.852	497.043	300.908	269.895	129.919	64.54	17.602	2.515	0			
0	0	0	0	0	0	0	2.655	7.965	37.169	103.543	400.895	453.994	464.614	568.157	682.319	1054.01	1723.054	1728.364	1460.215	1298.264	1210.651	1375.257	1454.905	1391.187	1101.799	939.848	807.101	623.91	382.311	204.43	127.437	50.444	50.444	13.275	5.31	0			
0	0	0	0	0	0	0	0	0	0	0.071	0.267	1.42	2.57	2.957	2.911	2.665	2.482	2.611	2.278	1.82	1.741	1.932	1.749	1.828	1.728	1.408	1.154	0.82	0.687	0.346	0.208	0.058	0.067	0.008	0	0			
0	0	0	0	0	0	0	0	17.087	6.408	40.582	145.24	200.773	269.122	403.683	732.609	820.181	867.17	965.421	1366.968	1499.393	1757.835	2052.588	2255.497	2150.839	1674.536	1272.989	1006.003	700.571	527.564	360.965	196.502	64.077	42.718	0	2.136	0			
																																							
#	Frecuencia	de	tallas	de	RECLAS																																		
																																							
0	0	0	0	0	0	0	0	0	0	0	0	0	0	0	0	0	0	0	0	0	0	0	0	0	0	0	0	0	0	0	0	0	0	0	0	0			
0	0	0	0	0	0	0	0	0	0	0	0	0	0	0	0	0	0	0	0	0	0	0	0	0	0	0	0	0	0	0	0	0	0	0	0	0			
0	0	0	0	0	0	0	0	0	0	0	0	0	0	0	0	0	0	0	0	0	0	0	0	0	0	0	0	0	0	0	0	0	0	0	0	0			
0	0	0	0	0	0	0	0	0	0	0	0	0	0	0	0	0	0	0	0	0	0	0	0	0	0	0	0	0	0	0	0	0	0	0	0	0			
0	0	0	0	0	0	0	0	0	0	0	0	0	0	0	0	0	0	0	0	0	0	0	0	0	0	0	0	0	0	0	0	0	0	0	0	0			
0	0	0	0	0	0	0	0	0	0	0	0	0	0	0	0	0	0	0	0	0	0	0	0	0	0	0	0	0	0	0	0	0	0	0	0	0			
0	0	0	0	0	0	0	0	0	0	0	0	0	0	0	0	0	0	0	0	0	0	0	0	0	0	0	0	0	0	0	0	0	0	0	0	0			
0	0	0	0	0	0	0	0	0	0	0	0	0	0	0	0	0	0	0	0	0	0	0	0	0	0	0	0	0	0	0	0	0	0	0	0	0			
0	0	0	0	0	0	0	0	0	0	0	0	0	0	0	0	0	0	0	0	0	0	0	0	0	0	0	0	0	0	0	0	0	0	0	0	0			
0	0	0	0	0	0	0	0	0	0	0	0	0	0	0	0	0	0	0	0	0	0	0	0	0	0	0	0	0	0	0	0	0	0	0	0	0			
0	0	0	0	0	0	0	0	0	0	0	0	0	0	0	0	0	0	0	0	0	0	0	0	0	0	0	0	0	0	0	0	0	0	0	0	0			
0	0	0	0	0	0	0	0	0	0	0	0	0	0	0	0	0	0	0	0	0	0	0	0	0	0	0	0	0	0	0	0	0	0	0	0	0			
0	0	0	0	0	0	0	0	0	0	0	0	0	0	0	0	0	0	0	0	0	0	0	0	0	0	0	0	0	0	0	0	0	0	0	0	0			
0	0	0	0	0	0	0	0	0	0	0	0	0	0	0	0	0	0	0	0	0	0	0	0	0	0	0	0	0	0	0	0	0	0	0	0	0			
0	0	0	0	0	0	0	0	0	0	0	0	0	0	0	0	0	0	0	0	0	0	0	0	0	0	0	0	0	0	0	0	0	0	0	0	0			
0	0	0	0	0	0	0	0	0	0	0	0	0	0	0	0	0	0	0	0	0	0	0	0	0	0	0	0	0	0	0	0	0	0	0	0	0			
0	0	0	0	0	0	0	0	0	0	0	0	0	0	0	0	0	0	0	0	0	0	0	0	0	0	0	0	0	0	0	0	0	0	0	0	0			
0	0	0	0	0	0	0	0	0	0	0	0	0	0	0	0	0	0	0	0	0	0	0	0	0	0	0	0	0	0	0	0	0	0	0	0	0			
0	0	0	0	0	0	0	0	0	0	0	0	0	0	0	0	0	0	0	0	0	0	0	0	0	0	0	0	0	0	0	0	0	0	0	0	0			
0	0	0	0	0	0	0	0	0	0	0	0	0	0	0	0	0	0	0	0	0	0	0	0	0	0	0	0	0	0	0	0	0	0	0	0	0			
0	0	0	0	0	0	0	0	0	0	0	0	0	0	0	0	0	0	0	0	0	0	0	0	0	0	0	0	0	0	0	0	0	0	0	0	0			
0	0	0	0	0	0	0	0	0	0	0	0	0	0	0	0	0	0	0	0	0	0	0	0	0	0	0	0	0	0	0	0	0	0	0	0	0			
0	0	0	0	0	0	0	0	0	0	0	0	0	0	0	0	0	0	0	0	0	0	0	0	0	0	0	0	0	0	0	0	0	0	0	0	0			
0	0	0	0	0	0	0	0	0	0	0	0	0	0	0	0	0	0	0	0	0	0	0	0	0	0	0	0	0	0	0	0	0	0	0	0	0			
0	0	0	0	0	0	0	0	0	0	0	0	0	0	0	0	0	0	0	0	0	0	0	0	0	0	0	0	0	0	0	0	0	0	0	0	0			
0	0	0	0	0	0	0	0	0	0	0	0	0	0	0	0	0	0	0	0	0	0	0	0	0	0	0	0	0	0	0	0	0	0	0	0	0			
0	0	0	0	0	0	0	0	0	0	0	0	0	0	0	0	0	0	0	0	0	0	0	0	0	0	0	0	0	0	0	0	0	0	0	0	0			
0	0	0	0	0	0	0	0	0	0	0	0	0	0	0	0	0	0	0	0	0	0	0	0	0	0	0	0	0	0	0	0	0	0	0	0	0			
0	0	0	0	0	0	0	0	0	0	0	0	0	0	0	0	0	0	0	0	0	0	0	0	0	0	0	0	0	0	0	0	0	0	0	0	0			
0	0	0	0	0	0	0	0	0	0	0	0	0	0	0	0	0	0	0	0	0	0	0	0	0	0	0	0	0	0	0	0	0	0	0	0	0			
0	0	0	0	0	0	0	0	0	0	0	0	0	0	0	0	0	0	0	0	0	0	0	0	0	0	0	0	0	0	0	0	0	0	0	0	0			
0	0	0	0	0	0	0	0	0	0	0	0	0	0	0	0	0	0	0	0	0	0	0	0	0	0	0	0	0	0	0	0	0	0	0	0	0			
0	0	0	0	0	0	0	0	0	0	0	0	0	0	0	0	0	0	0	0	0	0	0	0	0	0	0	0	0	0	0	0	0	0	0	0	0			
0	0	0	0	0	0	0	0	0	0	0	0	0	0	0	0	0	0	0	0	0	0	0	0	0	0	0	0	0	0	0	0	0	0	0	0	0			
0	0	0	0	0	0	0	0	0	0	0	0	0	0	0	0	0	0	0	0	0	0	0	0	0	0	0	0	0	0	0	0	0	0	0	0	0			
0	0	0	0	0	0	0	0	0	0	0	0	0	0	0	0	0	0	0	0	0	0	0	0	0	0	0	0	0	0	0	0	0	0	0	0	0			
0	0	0	0	0	0	0	0	0	0	0	0	0	0	0	0	0	0	0	0	0	0	0	0	0	0	0	0	0	0	0	0	0	0	0	0	0			
0	0	0	0	0	0	0	0	0	0	0	0	0	0	0	0	0	0	0	0	0	0	0	0	0	0	0	0	0	0	0	0	0	0	0	0	0			
0	0	0	0	0	0	0	0	0	0	0	0	0	0	0	0	0	0	0	0	0	0	0	0	0	0	0	0	0	0	0	0	0	0	0	0	0			
0	0	0	0	0	0	0	0	0	0	0	0	0	0	0	0	0	0	0	0	0	0	0	0	0	0	0	0	0	0	0	0	0	0	0	0	0			
0	0	0	0	0.09	0.14	0.79	4.86	8.82	18.76	38.32	47.43	98.46	146.91	153.52	131.92	104.13	51.28	47.79	36.71	24.02	12.35	11.97	8.96	11.72	9.6	11.04	5.42	6.45	5.89	2.67	0	0	0	0	0	0			
0	0	0	0	0	0	0	0	0	0	0	0	0	0	0	0	0	0	0	0	0	0	0	0	0	0	0	0	0	0	0	0	0	0	0	0	0			
0	0	0	0	0	0	0	0	0	0	0	0	0	0	0	0	0	0	0	0	0	0	0	0	0	0	0	0	0	0	0	0	0	0	0	0	0			
0	0	0	0	0	0	0	0	0	0	0	0	0	0	0	0	0	0	0	0	0	0	0	0	0	0	0	0	0	0	0	0	0	0	0	0	0			
0	0	0	0	0.17	0	1.7	3.6	14.79	26.73	33.5	43.67	80.67	101.01	144.63	150.69	115.61	91.35	61.77	42.32	31.59	19.29	18.31	11.42	4.27	2.05	0.89	0	0	0	0	0	0	0	0	0	0			
0	0	0	0	0	0	0	0	0	0	0	0	0	0	0	0	0	0	0	0	0	0	0	0	0	0	0	0	0	0	0	0	0	0	0	0	0			
0	0	0	0	0	0	0	0	0	0	0	0	0	0	0	0	0	0	0	0	0	0	0	0	0	0	0	0	0	0	0	0	0	0	0	0	0			
0	0	0	0	0	0	0	0	0	0	0	0	0	0	0	0	0	0	0	0	0	0	0	0	0	0	0	0	0	0	0	0	0	0	0	0	0			
0	0	0	0	0	0.02	2.61	10.09	26.8	39.82	77.34	79.88	99.36	78.3	100.96	77.64	93.93	58.92	64.97	45.58	45.02	24.66	29.79	19.53	14.62	5.8	3.35	0.93	0.08	0	0	0	0	0	0	0	0			
0	0	0	0	0	0	0	0	0	0	0	0	0	0	0	0	0	0	0	0	0	0	0	0	0	0	0	0	0	0	0	0	0	0	0	0	0			
0	0	0	0	0	0	0	0	0	0	0	0	0	0	0	0	0	0	0	0	0	0	0	0	0	0	0	0	0	0	0	0	0	0	0	0	0			
0	0	0	0	0	0	0	0	0	0	0	0	0	0	0	0	0	0	0	0	0	0	0	0	0	0	0	0	0	0	0	0	0	0	0	0	0			
0	0	0	0	0.76	1.78	3.73	6.99	12.58	21.55	33.63	53.43	76.43	92.64	88.71	98.85	94	94.04	82.38	70.57	55.72	42.86	33.61	19.17	10.06	4.58	1.46	0.29	0.18	0	0	0	0	0	0	0	0			
0	0	0	0	0	0	0	0	0	0	0	0	0	0	0	0	0	0	0	0	0	0	0	0	0	0	0	0	0	0	0	0	0	0	0	0	0			
0	0	0	0	0	0	0	0	0	0	0	0	0	0	0	0	0	0	0	0	0	0	0	0	0	0	0	0	0	0	0	0	0	0	0	0	0			
0	0	0	0	0	0	0	0	0	0	0	0	0	0	0	0	0	0	0	0	0	0	0	0	0	0	0	0	0	0	0	0	0	0	0	0	0			
0	0	0	0	0	0.04	0.01	1.58	1.8	7.21	11.23	23.39	31.35	52.02	64.82	87.4	92.64	110.48	97.09	100.46	73.1	72.68	52.22	51.27	32.08	22.34	9.2	4.46	1	0.13	0	0	0	0	0	0	0			
0	0	0	0	0	0	0	0	0	0	0	0	0	0	0	0	0	0	0	0	0	0	0	0	0	0	0	0	0	0	0	0	0	0	0	0	0			
0	0	0	0	0	0	0	0	0	0	0	0	0	0	0	0	0	0	0	0	0	0	0	0	0	0	0	0	0	0	0	0	0	0	0	0	0			
0	0	0	0	0	0	0	0	0	0	0	0	0	0	0	0	0	0	0	0	0	0	0	0	0	0	0	0	0	0	0	0	0	0	0	0	0			
0	0	0	0	0	0	0	0.01	0.3	1.12	1.52	3.79	14.11	28.23	50.95	68.93	98.73	108.07	119.84	101.45	95.26	76.96	68.36	49.16	35.77	25.78	23.06	16.2	9.27	2.55	0.59	0	0	0	0	0	0			
0	0	0	0	0	0	0	0	0	0	0	0	0	0	0	0	0	0	0	0	0	0	0	0	0	0	0	0	0	0	0	0	0	0	0	0	0			
0	0	0	0	0	0	0	0	0	0	0	0	0	0	0	0	0	0	0	0	0	0	0	0	0	0	0	0	0	0	0	0	0	0	0	0	0			
0	0	0	0	0	0	0	0	0	0	0	0	0	0	0	0	0	0	0	0	0	0	0	0	0	0	0	0	0	0	0	0	0	0	0	0	0			
0	0	0	0	0	0	0	0.64	0.67	1.67	3.77	4.11	8.84	13.59	24.72	35.89	54.45	60.39	92.47	102.32	123.4	111.96	114.47	75.52	52.86	39.5	35.37	25.35	12.16	4.5	1.38	0	0	0	0	0	0			
0	0	0	0	0	0	0	0	0	0	0	0	0	0	0	0	0	0	0	0	0	0	0	0	0	0	0	0	0	0	0	0	0	0	0	0	0			
0	0	0	0	0	0	0	0	0	0	0	0	0	0	0	0	0	0	0	0	0	0	0	0	0	0	0	0	0	0	0	0	0	0	0	0	0			
0	0	0	0	0	0	0	0	0	0	0	0	0	0	0	0	0	0	0	0	0	0	0	0	0	0	0	0	0	0	0	0	0	0	0	0	0			
0	0	0	0	0	0	0.32	1.37	1.78	3	3.01	4.64	9.27	19.75	31.41	41.56	58.02	77.16	90.67	103.4	90.47	78.63	68.12	58.12	60.34	65.91	60	43.86	20.28	6.84	2.05	0	0	0	0	0	0			
0	0	0	0	0	0	0	0	0	0	0	0	0	0	0	0	0	0	0	0	0	0	0	0	0	0	0	0	0	0	0	0	0	0	0	0	0			
0	0	0	0	0	0	0	0	0	0	0	0	0	0	0	0	0	0	0	0	0	0	0	0	0	0	0	0	0	0	0	0	0	0	0	0	0			
0	0	0	0	0	0	0	0	0	0	0	0	0	0	0	0	0	0	0	0	0	0	0	0	0	0	0	0	0	0	0	0	0	0	0	0	0			
0	0	0	0	0	0	0.21	0	0.52	1.03	5.02	10.13	20.41	24.95	40.9	56.45	73.38	90.35	109.9	103.97	110.75	94.36	69.92	48.32	34.44	26.34	27.61	23.84	17.37	7.29	2.55	0	0	0	0	0	0			
0	0	0	0	0	0	0	0	0	0	0	0	0	0	0	0	0	0	0	0	0	0	0	0	0	0	0	0	0	0	0	0	0	0	0	0	0			
0	0	0	0	0	0	0	0	0	0	0	0	0	0	0	0	0	0	0	0	0	0	0	0	0	0	0	0	0	0	0	0	0	0	0	0	0			
0	0	0	0	0	0	0	0	0	0	0	0	0	0	0	0	0	0	0	0	0	0	0	0	0	0	0	0	0	0	0	0	0	0	0	0	0			
0	0	0	0	0	0.53	0.59	0.35	1.21	2.51	3.91	9.46	28.45	46.66	79.14	110.28	138.21	154	147.67	114.3	72.82	39.92	18.42	11.43	6.62	5.32	3.16	2.96	1.15	0.85	0.09	0	0	0	0	0	0			
0	0	0	0	0	0	0	0	0	0	0	0	0	0	0	0	0	0	0	0	0	0	0	0	0	0	0	0	0	0	0	0	0	0	0	0	0			
0	0	0	0	0	0	0	0	0	0	0	0	0	0	0	0	0	0	0	0	0	0	0	0	0	0	0	0	0	0	0	0	0	0	0	0	0			
0	0	0	0	0	0	0	0	0	0	0	0	0	0	0	0	0	0	0	0	0	0	0	0	0	0	0	0	0	0	0	0	0	0	0	0	0			
0	0	0	0	0	0	0	0	0.23	1.91	7.14	11.69	17.29	29.64	32.74	43.48	62.03	87.88	117.36	117.05	142.87	114.65	87.64	46.42	25.38	19	21.05	9.2	4.13	0.95	0.28	0	0	0	0	0	0			
0	0	0	0	0	0	0	0	0	0	0	0	0	0	0	0	0	0	0	0	0	0	0	0	0	0	0	0	0	0	0	0	0	0	0	0	0			
0	0	0	0	0	0	0	0	0	0	0	0	0	0	0	0	0	0	0	0	0	0	0	0	0	0	0	0	0	0	0	0	0	0	0	0	0			
0	0	0	0	0	0	0	0	0	0	0	0	0	0	0	0	0	0	0	0	0	0	0	0	0	0	0	0	0	0	0	0	0	0	0	0	0			
0	0	0	0	0	0	0	0	0	0.17	1.53	1.13	4.58	8.34	24.46	44.54	74.22	77.54	125.39	121.89	173.14	121.31	109.74	55.43	28.17	16.38	6.49	3.88	1.14	0.4	0.11	0	0	0	0	0	0			
0	0	0	0	0	0	0	0	0	0	0	0	0	0	0	0	0	0	0	0	0	0	0	0	0	0	0	0	0	0	0	0	0	0	0	0	0			
0	0	0	0	0	0	0	0	0	0	0	0	0	0	0	0	0	0	0	0	0	0	0	0	0	0	0	0	0	0	0	0	0	0	0	0	0			
0	0	0	0	0	0	0	0	0	0	0	0	0	0	0	0	0	0	0	0	0	0	0	0	0	0	0	0	0	0	0	0	0	0	0	0	0			
0	0	0	0	0	0	0	0.69	2.55	7.23	14.22	18.53	31.98	37.12	59.19	48.57	69.4	61.65	60.21	63.21	80.53	80.17	90.03	75.95	68.1	45.11	43.34	29.06	9.45	2.44	1.24	0	0	0	0	0	0			
0	0	0	0	0	0	0	0	0	0	0	0	0	0	0	0	0	0	0	0	0	0	0	0	0	0	0	0	0	0	0	0	0	0	0	0	0			
0	0	0	0	0	0	0	0	0	0	0	0	0	0	0	0	0	0	0	0	0	0	0	0	0	0	0	0	0	0	0	0	0	0	0	0	0			
0	0	0	0	0	0	0	0	0	0	0	0	0	0	0	0	0	0	0	0	0	0	0	0	0	0	0	0	0	0	0	0	0	0	0	0	0			
0	0	0	0	0	0	0	0.1	0.23	0.45	1.05	2.97	9.59	8.56	9.83	7.29	12.02	25.18	41.7	65.96	137.84	163.19	159.82	130.69	104.45	52.44	36.62	20.98	7.38	1.54	0.12	0	0	0	0	0	0			
0	0	0	0	0	0	0	0	0	0	0	0	0	0	0	0	0	0	0	0	0	0	0	0	0	0	0	0	0	0	0	0	0	0	0	0	0			
0	0	0	0	0	0	0	0	0	0	0	0	0	0	0	0	0	0	0	0	0	0	0	0	0	0	0	0	0	0	0	0	0	0	0	0	0			
0	0	0	0	0	0	0	0	0	0	0	0	0	0	0	0	0	0	0	0	0	0	0	0	0	0	0	0	0	0	0	0	0	0	0	0	0			

#0	0	0	0.97	0.8	4.69	10.28	20.38	30.93	38.62	42.14	44.37	39.37	69.3	84.69	86.5	111.78	71.09	53.03	36.34	36.32	39.87	41.29	38.12	28.54	27.17	20.84	14.31	6.05	1.83	0.37	0	0	0	0	0	0			
0	0	0	0	0.8	4.69	10.28	20.38	30.93	38.62	42.14	44.37	39.37	69.3	84.69	86.5	111.78	71.09	53.03	36.34	36.32	39.87	41.29	38.12	28.54	27.17	20.84	14.31	6.05	1.83	0.37	0	0	0	0	0	0			

0	0	0	0	0	0	0	0	0	0	0	0	0	0	0	0	0	0	0	0	0	0	0	0	0	0	0	0	0	0	0	0	0	0	0	0	0			
0	0	0	0	0	0	0	0	0	0	0	0	0	0	0	0	0	0	0	0	0	0	0	0	0	0	0	0	0	0	0	0	0	0	0	0	0			
0	0	0	0	0	0	0	0	0	0	0	0	0	0	0	0	0	0	0	0	0	0	0	0	0	0	0	0	0	0	0	0	0	0	0	0	0			

#0	1.82	1.42	2.29	1.88	5.53	4.71	5.8	12.15	0	6.34	5.67	12.75	16.16	29.4	51.83	84.58	92.54	93.07	48.21	15.77	7.08	14.45	12.69	31.23	61.54	94.17	131.49	102.86	41.62	10.96	0	0	0	0	0	0			
0	0	0	0	1.88	5.53	4.71	5.8	12.15	0	6.34	5.67	12.75	16.16	29.4	51.83	84.58	92.54	93.07	48.21	15.77	7.08	14.45	12.69	31.23	61.54	94.17	131.49	102.86	41.62	10.96	0	0	0	0	0	0			


0	0	0	0	0	0	0	0	0	0	0	0	0	0	0	0	0	0	0	0	0	0	0	0	0	0	0	0	0	0	0	0	0	0	0	0	0			
0	0	0	0	0	0	0	0	0	0	0	0	0	0	0	0	0	0	0	0	0	0	0	0	0	0	0	0	0	0	0	0	0	0	0	0	0			
0	0	0	0	0	0	0	0	0	0	0	0	0	0	0	0	0	0	0	0	0	0	0	0	0	0	0	0	0	0	0	0	0	0	0	0	0			

#224.03	154.04	104.98	102.64	43.38	13.61	15.19	19.14	18.31	21.84	19.53	20.12	16.18	10.61	2.89	1.43	2.34	2.94	3.26	6.6	16.01	21.72	32.35	31.08	28.91	23.54	18	12.47	7.49	3.74	1.51	0.12	0	0	0	0	0			
0	0	0	0	43.38	13.61	15.19	19.14	18.31	21.84	19.53	20.12	16.18	10.61	2.89	1.43	2.34	2.94	3.26	6.6	16.01	21.72	32.35	31.08	28.91	23.54	18	12.47	7.49	3.74	1.51	0.12	0	0	0	0	0			

0	0	0	0	0	0	0	0	0	0	0	0	0	0	0	0	0	0	0	0	0	0	0	0	0	0	0	0	0	0	0	0	0	0	0	0	0			
0	0	0	0	0	0	0	0	0	0	0	0	0	0	0	0	0	0	0	0	0	0	0	0	0	0	0	0	0	0	0	0	0	0	0	0	0			
0	0	0	0	0	0	0	0	0	0	0	0	0	0	0	0	0	0	0	0	0	0	0	0	0	0	0	0	0	0	0	0	0	0	0	0	0			

#43.26	62.17	37.04	33.54	16.88	3.86	2.19	0	0.83	2.18	3.87	4.04	17.9	16.84	71.04	91.74	105.34	58.92	31.85	20.18	30.17	51.44	39.92	58.59	41.73	45.08	33.01	38.81	17.9	10.87	6.75	1.52	0.52	0	0	0	0			
0	0	0	0	16.88	3.86	2.19	0	0.83	2.18	3.87	4.04	17.9	16.84	71.04	91.74	105.34	58.92	31.85	20.18	30.17	51.44	39.92	58.59	41.73	45.08	33.01	38.81	17.9	10.87	6.75	1.52	0.52	0	0	0	0			

0	0	0	0	0	0	0	0	0	0	0	0	0	0	0	0	0	0	0	0	0	0	0	0	0	0	0	0	0	0	0	0	0	0	0	0	0			
0	0	0	0	0	0	0	0	0	0	0	0	0	0	0	0	0	0	0	0	0	0	0	0	0	0	0	0	0	0	0	0	0	0	0	0	0			
0	0	0	0	0	0	0	0	0	0	0	0	0	0	0	0	0	0	0	0	0	0	0	0	0	0	0	0	0	0	0	0	0	0	0	0	0			

#32.4	43.48	50.33	47.19	18.76	6.72	5.75	12.62	15.56	19.53	20.58	24.71	32.39	28.41	23.78	18.38	17.73	23.05	43.65	65.95	86.55	99.99	84.42	61.02	41.73	32.78	23.49	10.69	3.56	2.28	1.93	0.51	0.1	0	0	0	0			
0	0	0	0	18.76	6.72	5.75	12.62	15.56	19.53	20.58	24.71	32.39	28.41	23.78	18.38	17.73	23.05	43.65	65.95	86.55	99.99	84.42	61.02	41.73	32.78	23.49	10.69	3.56	2.28	1.93	0.51	0.1	0	0	0	0			

0	0	0	0	0	0	0	0	0	0	0	0	0	0	0	0	0	0	0	0	0	0	0	0	0	0	0	0	0	0	0	0	0	0	0	0	0			
0	0	0	0	0	0	0	0	0	0	0	0	0	0	0	0	0	0	0	0	0	0	0	0	0	0	0	0	0	0	0	0	0	0	0	0	0			
0	0	0	0	0	0	0	0	0	0	0	0	0	0	0	0	0	0	0	0	0	0	0	0	0	0	0	0	0	0	0	0	0	0	0	0	0			







#	Frecuencia	de	tallas	de	PELACES																																		
																																							
0	0	0	0	0	0	0	0	0	0	0	0	0	0	0	0	0	0	0	0	0	0	0	0	0	0	0	0	0	0	0	0	0	0	0	0	0			
0	0	0	0	0	0	0	0	0	0	0	0	0	0	0	0	0	0	0	0	0	0	0	0	0	0	0	0	0	0	0	0	0	0	0	0	0			
0	0	0	0	0	0	0	0	0	0	0	0	0	0	0	0	0	0	0	0	0	0	0	0	0	0	0	0	0	0	0	0	0	0	0	0	0			
0	0	0	0	0	0	0	0	0	0	0	0	0	0	0	0	0	0	0	0	0	0	0	0	0	0	0	0	0	0	0	0	0	0	0	0	0			
0	0	0	0	0	0	0	0	0	0	0	0	0	0	0	0	0	0	0	0	0	0	0	0	0	0	0	0	0	0	0	0	0	0	0	0	0			
0	0	0	0	0	0	0	0	0	0	0	0	0	0	0	0	0	0	0	0	0	0	0	0	0	0	0	0	0	0	0	0	0	0	0	0	0			
0	0	0	0	0	0	0	0	0	0	0	0	0	0	0	0	0	0	0	0	0	0	0	0	0	0	0	0	0	0	0	0	0	0	0	0	0			
0	0	0	0	0	0	0	0	0	0	0	0	0	0	0	0	0	0	0	0	0	0	0	0	0	0	0	0	0	0	0	0	0	0	0	0	0			
0	0	0	0	0	0	0	0	0	0	0	0	0	0	0	0	0	0	0	0	0	0	0	0	0	0	0	0	0	0	0	0	0	0	0	0	0			
0	0	0	0	0	0	0	0	0	0	0	0	0	0	0	0	0	0	0	0	0	0	0	0	0	0	0	0	0	0	0	0	0	0	0	0	0			
0	0	0	0	0	0	0	0	0	0	0	0	0	0	0	0	0	0	0	0	0	0	0	0	0	0	0	0	0	0	0	0	0	0	0	0	0			
0	0	0	0	0	0	0	0	0	0	0	0	0	0	0	0	0	0	0	0	0	0	0	0	0	0	0	0	0	0	0	0	0	0	0	0	0			
0	0	0	0	0	0	0	0	0	0	0	0	0	0	0	0	0	0	0	0	0	0	0	0	0	0	0	0	0	0	0	0	0	0	0	0	0			
0	0	0	0	0	0	0	0	0	0	0	0	0	0	0	0	0	0	0	0	0	0	0	0	0	0	0	0	0	0	0	0	0	0	0	0	0			
0	0	0	0	0	0	0	0	0	0	0	0	0	0	0	0	0	0	0	0	0	0	0	0	0	0	0	0	0	0	0	0	0	0	0	0	0			
0	0	0	0	0	0	0	0	0	0	0	0	0	0	0	0	0	0	0	0	0	0	0	0	0	0	0	0	0	0	0	0	0	0	0	0	0			
0	0	0	0	0	0	0	0	0	0	0	0	0	0	0	0	0	0	0	0	0	0	0	0	0	0	0	0	0	0	0	0	0	0	0	0	0			
0	0	0	0	0	0	0	0	0	0	0	0	0	0	0	0	0	0	0	0	0	0	0	0	0	0	0	0	0	0	0	0	0	0	0	0	0			
0	0	0	0	0	0	0	0	0	0	0	0	0	0	0	0	0	0	0	0	0	0	0	0	0	0	0	0	0	0	0	0	0	0	0	0	0			
0	0	0	0	0	0	0	0	0	0	0	0	0	0	0	0	0	0	0	0	0	0	0	0	0	0	0	0	0	0	0	0	0	0	0	0	0			
0	0	0	0	0	0	0	0	0	0	0	0	0	0	0	0	0	0	0	0	0	0	0	0	0	0	0	0	0	0	0	0	0	0	0	0	0			
0	0	0	0	0	0	0	0	0	0	0	0	0	0	0	0	0	0	0	0	0	0	0	0	0	0	0	0	0	0	0	0	0	0	0	0	0			
0	0	0	0	0	0	0	0	0	0	0	0	0	0	0	0	0	0	0	0	0	0	0	0	0	0	0	0	0	0	0	0	0	0	0	0	0			
0	0	0	0	0	0	0	0	0	0	0	0	0	0	0	0	0	0	0	0	0	0	0	0	0	0	0	0	0	0	0	0	0	0	0	0	0			
0	0	0	0	0	0	0	0	0	0	0	0	0	0	0	0	0	0	0	0	0	0	0	0	0	0	0	0	0	0	0	0	0	0	0	0	0			
0	0	0	0	0	0	0	0	0	0	0	0	0	0	0	0	0	0	0	0	0	0	0	0	0	0	0	0	0	0	0	0	0	0	0	0	0			
0	0	0	0	0	0	0	0	0	0	0	0	0	0	0	0	0	0	0	0	0	0	0	0	0	0	0	0	0	0	0	0	0	0	0	0	0			
0	0	0	0	0	0	0	0	0	0	0	0	0	0	0	0	0	0	0	0	0	0	0	0	0	0	0	0	0	0	0	0	0	0	0	0	0			
0	0	0	0	0	0	0	0	0	0	0	0	0	0	0	0	0	0	0	0	0	0	0	0	0	0	0	0	0	0	0	0	0	0	0	0	0			
0	0	0	0	0	0	0	0	0	0	0	0	0	0	0	0	0	0	0	0	0	0	0	0	0	0	0	0	0	0	0	0	0	0	0	0	0			
0	0	0	0	0	0	0	0	0	0	0	0	0	0	0	0	0	0	0	0	0	0	0	0	0	0	0	0	0	0	0	0	0	0	0	0	0			
0	0	0	0	0	0	0	0	0	0	0	0	0	0	0	0	0	0	0	0	0	0	0	0	0	0	0	0	0	0	0	0	0	0	0	0	0			
0	0	0	0	0	0	0	0	0	0	0	0	0	0	0	0	0	0	0	0	0	0	0	0	0	0	0	0	0	0	0	0	0	0	0	0	0			
0	0	0	0	0	0	0	0	0	0	0	0	0	0	0	0	0	0	0	0	0	0	0	0	0	0	0	0	0	0	0	0	0	0	0	0	0			
0	0	0	0	0	0	0	0	0	0	0	0	0	0	0	0	0	0	0	0	0	0	0	0	0	0	0	0	0	0	0	0	0	0	0	0	0			
0	0	0	0	0	0	0	0	0	0	0	0	0	0	0	0	0	0	0	0	0	0	0	0	0	0	0	0	0	0	0	0	0	0	0	0	0			
0	0	0	0	0	0	0	0	0	0	0	0	0	0	0	0	0	0	0	0	0	0	0	0	0	0	0	0	0	0	0	0	0	0	0	0	0			
0	0	0	0	0	0	0	0	0	0	0	0	0	0	0	0	0	0	0	0	0	0	0	0	0	0	0	0	0	0	0	0	0	0	0	0	0			
0	0	0	0	0	0	0	0	0	0	0	0	0	0	0	0	0	0	0	0	0	0	0	0	0	0	0	0	0	0	0	0	0	0	0	0	0			
0	0	0	0	0	0	0	0	0	0	0	0	0	0	0	0	0	0	0	0	0	0	0	0	0	0	0	0	0	0	0	0	0	0	0	0	0			
0	0	0	0	0	0	0	0	0	0	0	0	0	0	0	0	0	0	0	0	0	0	0	0	0	0	0	0	0	0	0	0	0	0	0	0	0			
0	0	0	0	0	0	0	0	0	0	0	0	0	0	0	0	0	0	0	0	0	0	0	0	0	0	0	0	0	0	0	0	0	0	0	0	0			
0	0	0	0	0	0	0	0	0	0	0	0	0	0	0	0	0	0	0	0	0	0	0	0	0	0	0	0	0	0	0	0	0	0	0	0	0			
0	0	0	0	0	0	0	0	0	0	0	0	0	0	0	0	0	0	0	0	0	0	0	0	0	0	0	0	0	0	0	0	0	0	0	0	0			
0	0	0	0	0	0	0	0	0	0	0	0	0	0	0	0	0	0	0	0	0	0	0	0	0	0	0	0	0	0	0	0	0	0	0	0	0			
0	0	0	0	0	0	0	0	0	0	0	0	0	0	0	0	0	0	0	0	0	0	0	0	0	0	0	0	0	0	0	0	0	0	0	0	0			
0	0	0	0	0	0	0	0	0	0	0	0	0	0	0	0	0	0	0	0	0	0	0	0	0	0	0	0	0	0	0	0	0	0	0	0	0			
0	0	0	0	0	0	0	0	0	0	0	0	0	0	0	0	0	0	0	0	0	0	0	0	0	0	0	0	0	0	0	0	0	0	0	0	0			
0	0	0	0	0	0	0	0	0	0	0	0	0	0	0	0	0	0	0	0	0	0	0	0	0	0	0	0	0	0	0	0	0	0	0	0	0			
0	0	0	0	0	0	0	0	0	0	0	0	0	0	0	0	0	0	0	0	0	0	0	0	0	0	0	0	0	0	0	0	0	0	0	0	0			
0	0	0	0	0	0	0	0	0	0	0	0	0	0	0	0	0	0	0	0	0	0	0	0	0	0	0	0	0	0	0	0	0	0	0	0	0			
0	0	0	0	0	0	0	0	0	0	0	0	0	0	0	0	0	0	0	0	0	0	0	0	0	0	0	0	0	0	0	0	0	0	0	0	0			
0	0	0	0	0	0	0	0	0	0	0	0	0	0	0	0	0	0	0	0	0	0	0	0	0	0	0	0	0	0	0	0	0	0	0	0	0			
0	0	0	0	0	0	0	0.01	0.3	1.12	1.52	3.79	14.11	28.23	50.95	68.93	98.73	108.07	119.84	101.45	95.26	76.96	68.36	49.16	35.77	25.78	23.06	16.2	9.27	2.55	0.59	0	0	0	0	0	0			
0	0	0	0	0	0	0	0	0	0	0	0	0	0	0	0	0	0	0	0	0	0	0	0	0	0	0	0	0	0	0	0	0	0	0	0	0			
0	0	0	0	0	0	0	0	0	0	0	0	0	0	0	0	0	0	0	0	0	0	0	0	0	0	0	0	0	0	0	0	0	0	0	0	0			
0	0	0	0	0	0	0	0	0	0	0	0	0	0	0	0	0	0	0	0	0	0	0	0	0	0	0	0	0	0	0	0	0	0	0	0	0			
0	0	0	0	0	0	0	0	0	0	0	0	0	0	0	0	0	0	0	0	0	0	0	0	0	0	0	0	0	0	0	0	0	0	0	0	0			
0	0	0	0	0	0	0	0	0	0	0	0	0	0	0	0	0	0	0	0	0	0	0	0	0	0	0	0	0	0	0	0	0	0	0	0	0			
0	0	0	0	0	0	0	0	0	0	0	0	0	0	0	0	0	0	0	0	0	0	0	0	0	0	0	0	0	0	0	0	0	0	0	0	0			
0	0	0	0	0	0	0	0	0	0	0	0	0	0	0	0	0	0	0	0	0	0	0	0	0	0	0	0	0	0	0	0	0	0	0	0	0			
0	0	0	0	0	0	0	0.64	0.67	1.67	3.77	4.11	8.84	13.59	24.72	35.89	54.45	60.39	92.47	102.32	123.4	111.96	114.47	75.52	52.86	39.5	35.37	25.35	12.16	4.5	1.38	0	0	0	0	0	0			
0	0	0	0	0	0	0	0	0	0	0	0	0	0	0	0	0	0	0	0	0	0	0	0	0	0	0	0	0	0	0	0	0	0	0	0	0			
0	0	0	0	0	0	0	0	0	0	0	0	0	0	0	0	0	0	0	0	0	0	0	0	0	0	0	0	0	0	0	0	0	0	0	0	0			
0	0	0	0	0	0	0	0	0	0	0	0	0	0	0	0	0	0	0	0	0	0	0	0	0	0	0	0	0	0	0	0	0	0	0	0	0			
0	0	0	0	0	0	0.32	1.37	1.78	3	3.01	4.64	9.27	19.75	31.41	41.56	58.02	77.16	90.67	103.4	90.47	78.63	68.12	58.12	60.34	65.91	60	43.86	20.28	6.84	2.05	0	0	0	0	0	0			
0	0	0	0	0	0	0	0	0	0	0	0	0	0	0	0	0	0	0	0	0	0	0	0	0	0	0	0	0	0	0	0	0	0	0	0	0			
0	0	0	0	0	0	0	0	0	0	0	0	0	0	0	0	0	0	0	0	0	0	0	0	0	0	0	0	0	0	0	0	0	0	0	0	0			
0	0	0	0	0	0	0	0	0	0	0	0	0	0	0	0	0	0	0	0	0	0	0	0	0	0	0	0	0	0	0	0	0	0	0	0	0			
0	0	0	0	0	0	0.21	0	0.52	1.03	5.02	10.13	20.41	24.95	40.9	56.45	73.38	90.35	109.9	103.97	110.75	94.36	69.92	48.32	34.44	26.34	27.61	23.84	17.37	7.29	2.55	0	0	0	0	0	0			
0	0	0	0	0	0	0	0	0	0	0	0	0	0	0	0	0	0	0	0	0	0	0	0	0	0	0	0	0	0	0	0	0	0	0	0	0			
0	0	0	0	0	0	0	0	0	0	0	0	0	0	0	0	0	0	0	0	0	0	0	0	0	0	0	0	0	0	0	0	0	0	0	0	0			
0	0	0	0	0	0	0	0	0	0	0	0	0	0	0	0	0	0	0	0	0	0	0	0	0	0	0	0	0	0	0	0	0	0	0	0	0			
0	0	0	0	0	0	0	0	0	0	0	0	0	0	0	0	0	0	0	0	0	0	0	0	0	0	0	0	0	0	0	0	0	0	0	0	0			
0	0	0	0	0	0	0	0	0	0	0	0	0	0	0	0	0	0	0	0	0	0	0	0	0	0	0	0	0	0	0	0	0	0	0	0	0			
0	0	0	0	0	0	0	0	0	0	0	0	0	0	0	0	0	0	0	0	0	0	0	0	0	0	0	0	0	0	0	0	0	0	0	0	0			
0	0	0	0	0	0	0	0	0	0	0	0	0	0	0	0	0	0	0	0	0	0	0	0	0	0	0	0	0	0	0	0	0	0	0	0	0			
0	0	0	0	0	0.53	0.59	0.35	1.21	2.51	3.91	9.46	28.45	46.66	79.14	110.28	138.21	154	147.67	114.3	72.82	39.92	18.42	11.43	6.62	5.32	3.16	2.96	1.15	0.85	0.09	0	0	0	0	0	0			
0	0	0	0	0	0	0	0	0	0	0	0	0	0	0	0	0	0	0	0	0	0	0	0	0	0	0	0	0	0	0	0	0	0	0	0	0			
0	0	0	0	0	0	0	0	0	0	0	0	0	0	0	0	0	0	0	0	0	0	0	0	0	0	0	0	0	0	0	0	0	0	0	0	0			
0	0	0	0	0	0	0	0	0	0	0	0	0	0	0	0	0	0	0	0	0	0	0	0	0	0	0	0	0	0	0	0	0	0	0	0	0			
0	0	0	0	0	0	0	0	0	2	7	12	17	30	33	43	62	88	117	117	143	115	88	46	25	19	21	9	4	1	0	0	0	0	0	0	0			
0	0	0	0	0	0	0	0	0	0	0	0	0	0	0	0	0	0	0	0	0	0	0	0	0	0	0	0	0	0	0	0	0	0	0	0	0			
0	0	0	0	0	0	0	0	0	0	0	0	0	0	0	0	0	0	0	0	0	0	0	0	0	0	0	0	0	0	0	0	0	0	0	0	0			
0	0	0	0	0	0	0	0	0	0	0	0	0	0	0	0	0	0	0	0	0	0	0	0	0	0	0	0	0	0	0	0	0	0	0	0	0			
0	0	0	0	0	0	0	0	0	0.17	1.53	1.13	4.58	8.34	24.46	44.54	74.22	77.54	125.39	121.89	173.14	121.31	109.74	55.43	28.17	16.38	6.49	3.88	1.14	0.4	0.11	0	0	0	0	0	0			
0	0	0	0	0	0	0	0	0	0	0	0	0	0	0	0	0	0	0	0	0	0	0	0	0	0	0	0	0	0	0	0	0	0	0	0	0			
0	0	0	0	0	0	0	0	0	0	0	0	0	0	0	0	0	0	0	0	0	0	0	0	0	0	0	0	0	0	0	0	0	0	0	0	0			
0	0	0	0	0	0	0	0	0	0	0	0	0	0	0	0	0	0	0	0	0	0	0	0	0	0	0	0	0	0	0	0	0	0	0	0	0			
0	0	0	0	0	0	0	1	3	7	14	19	32	37	59	49	69	62	60	63	81	80	90	76	68	45	43	29	9	2	1	0	0	0	0	0	0			
0	0	0	0	0	0	0	0	0	0	0	0	0	0	0	0	0	0	0	0	0	0	0	0	0	0	0	0	0	0	0	0	0	0	0	0	0			
0	0	0	0	0	0	0	0	0	0	0	0	0	0	0	0	0	0	0	0	0	0	0	0	0	0	0	0	0	0	0	0	0	0	0	0	0			
0	0	0	0	0	0	0	0	0	0	0	0	0	0	0	0	0	0	0	0	0	0	0	0	0	0	0	0	0	0	0	0	0	0	0	0	0			
0	0	0	0	0	0	0	0	0	0	1	3	10	9	10	7	12	25	42	66	138	163	160	131	104	52	37	21	7	2	0	0	0	0	0	0	0			
0	0	0	0	0	0	0	0	0	0	0	0	0	0	0	0	0	0	0	0	0	0	0	0	0	0	0	0	0	0	0	0	0	0	0	0	0			
0	0	0	0	0	0	0	0	0	0	0	0	0	0	0	0	0	0	0	0	0	0	0	0	0	0	0	0	0	0	0	0	0	0	0	0	0			
0	0	0	0	0	0	0	0	0	0	0	0	0	0	0	0	0	0	0	0	0	0	0	0	0	0	0	0	0	0	0	0	0	0	0	0	0			
0	0	0	0	0	0	0.77	0.67	7.55	13.3	15.45	9.34	0.37	3.53	5.65	8.46	25.27	50.23	51.63	65.8	56.62	61.25	82.66	86.64	110.76	145.8	93.49	56.98	25.01	13.84	6.24	0	0	0	0	0	0			
0	0	0	0	0	0	0	0	0	0	0	0	0	0	0	0	0	0	0	0	0	0	0	0	0	0	0	0	0	0	0	0	0	0	0	0	0			
0	0	0	0	0	0	0	0	0	0	0	0	0	0	0	0	0	0	0	0	0	0	0	0	0	0	0	0	0	0	0	0	0	0	0	0	0			
0	0	0	0	0	0	0	0	0	0	0	0	0	0	0	0	0	0	0	0	0	0	0	0	0	0	0	0	0	0	0	0	0	0	0	0	0			
1.43	0.8	2.12	18.2	13.66	2.18	0.47	0.51	9.19	30.27	51.59	70.05	82.63	111.74	112.07	110.25	93.31	51.45	40.24	22.23	23.43	20.88	24.03	20.84	20.39	20.94	19.86	13.08	4.86	3.06	4.22	0	0	0	0	0	0			
0	0	0	0	0	0	0	0	0	0	0	0	0	0	0	0	0	0	0	0	0	0	0	0	0	0	0	0	0	0	0	0	0	0	0	0	0			
0	0	0	0	0	0	0	0	0	0	0	0	0	0	0	0	0	0	0	0	0	0	0	0	0	0	0	0	0	0	0	0	0	0	0	0	0			
0	0	0	0	0	0	0	0	0	0	0	0	0	0	0	0	0	0	0	0	0	0	0	0	0	0	0	0	0	0	0	0	0	0	0	0	0			
3.06	4.79	5.7	9.54	10.85	6.47	17.06	51	94.08	124.01	95.98	68.77	82	61.75	59.15	49.23	48	44.4	26.84	21.75	14.09	12.1	12.03	9.2	6.66	4.96	8.61	9.3	15.69	11.47	8.56	2.43	0.47	0	0	0	0			
0	0	0	0	0	0	0	0	0	0	0	0	0	0	0	0	0	0	0	0	0	0	0	0	0	0	0	0	0	0	0	0	0	0	0	0	0			
0	0	0	0	0	0	0	0	0	0	0	0	0	0	0	0	0	0	0	0	0	0	0	0	0	0	0	0	0	0	0	0	0	0	0	0	0			
0	0	0	0	0	0	0	0	0	0	0	0	0	0	0	0	0	0	0	0	0	0	0	0	0	0	0	0	0	0	0	0	0	0	0	0	0			
0	0	0	0.77	1.58	0.89	2.83	7.13	44.05	77.34	111.33	92.15	85.24	71.08	88.67	78.65	55.34	37.32	18.54	7.53	4.57	12.99	27.18	45.73	58.37	34.88	17.79	9.38	4.93	1.52	1.85	0.3	0.06	0	0	0	0			
0	0	0	0	0	0	0	0	0	0	0	0	0	0	0	0	0	0	0	0	0	0	0	0	0	0	0	0	0	0	0	0	0	0	0	0	0			
0	0	0	0	0	0	0	0	0	0	0	0	0	0	0	0	0	0	0	0	0	0	0	0	0	0	0	0	0	0	0	0	0	0	0	0	0			
0	0	0	0	0	0	0	0	0	0	0	0	0	0	0	0	0	0	0	0	0	0	0	0	0	0	0	0	0	0	0	0	0	0	0	0	0			
1.74	3.27	0	3.97	6.84	9.47	15.25	7.57	13.6	22.86	39.3	56	76.48	68.17	72.69	56.6	47.75	52.74	44.49	60.99	58.24	66.18	44.5	52.91	36.07	28.07	23.55	15.88	8.27	2.81	2.18	0.9	0.67	0	0	0	0			
0	0	0	0	0	0	0	0	0	0	0	0	0	0	0	0	0	0	0	0	0	0	0	0	0	0	0	0	0	0	0	0	0	0	0	0	0			
0	0	0	0	0	0	0	0	0	0	0	0	0	0	0	0	0	0	0	0	0	0	0	0	0	0	0	0	0	0	0	0	0	0	0	0	0			
																																							
#_________________________________________________________________________________																																							
#	Madurez																																						
0	0	0	0	0	0	0	0.001	0.003	0.007	0.02	0.053	0.136	0.305	0.55	0.773	0.905	0.964	0.987	0.995	0.998	0.999	1	1	1	1	1	1	1	1	1	1	1	1	1	1	1			
#	Pesos_medios																																						
0.254	0.389	0.747	0.779	0.934	1.358	1.578	2.155	2.46	3.202	3.612	4.528	5.068	6.159	6.863	8.124	9.028	10.449	11.596	13.16	14.599	16.283	18.069	19.842	22.036	23.863	26.533	28.369	31.589	33.385	37.235	38.933	43.502	45.038	50.42	51.721	55.287			
																																							
																																							
																																							
																																							
																																							
																																							
																																							
																																							
																																							
																																							
																																							
																																							
																																							
																																							
																																							
																																							
																																							
																																							
																																							
																																							
																																							
																																							
																																							
																																							
																																							
																																							
																																							
																																							
																																							
																																							
																																							
																																							
																																							
