# Number of parameters = 140 Objective function value = 7825.89480045652  Maximum gradient component = 0.000157468471051268
# log_L50:
 2.35027501659073
# log_sigma1:
 0.720852927295826
# log_sigma2:
 4.60517018598809
# log_L50pel:
1.90839119141
# log_spel:
0.168172893996
# log_L50recl:
1.28533188177
# log_srecl:
0.0575191069328
# log_Rmed:
3.99163628357
# log_desv_Rt:
 -0.0319359420537 -0.187111284415 -0.433195877995 -0.840846508520 -1.25028978383 -1.31657244899 -0.469245130798 -0.777207792862 -1.35428249074 -0.846226870156 -0.639679081291 -1.63100049625 0.750570217886 -1.75036851797 0.322796120286 0.436417307206 0.356364499659 0.464365064563 0.951737691474 -0.543637597385 0.496333830845 0.675695030107 -0.685562545593 0.536691941053 0.383286567984
# log_desv_Rs:
 1.65541370073 -0.949202224274 -0.996803258044 0.290591781584
# log_F:
 0.00728884214715 -1.78664887066 -1.45301590856 -2.16358577505 -2.96759661677 -4.95181119061 -5.67960805944 -3.15381568115 -1.92062565863 -3.55036017730 -3.30375655155 -2.76904725459 -1.61219946965 -2.43503551701 -3.85244712455 -4.11054129765 -2.35032924631 -2.39035848722 -2.64787357992 -2.47080472921 -0.181491823204 -0.134575160660 -2.03950602733 -1.46182579190 -0.520847143209 -1.43535645260 -4.08860407375 -2.75702660209 -1.35844023847 -2.93272468780 -4.25782539603 -2.96247119098 -1.27117942592 -2.50629318229 -3.65648975785 -3.13554231008 -1.82708021601 -1.80196390934 -2.69496316711 -3.85624104037 -1.59989487395 -1.93395559072 -3.96768460284 -3.41676293902 -1.97660690037 -2.15523518354 -3.46826455454 -2.55363292056 -1.96358615713 -2.98759077447 -4.31133899966 -3.70796830994 -2.95142810895 -3.98799664279 -5.12644834088 -3.42405119461 -1.75227677516 -2.04125052826 -5.28308965880 -2.77938880197 -1.57940262336 -2.99719001114 -3.27211006403 -0.971925659540 -2.96440428059 -2.19232905878 -3.89412713066 -2.44749328218 -2.24216159551 -2.49421769432 -3.98512641193 -2.67220546394 -3.87427660624 -2.74092740262 -4.55814643277 -3.11508277244 -4.11117218015 -4.45918331505 -4.79209852607 -3.85435089469 -2.82572132787 -2.84552404326 -4.41888890138 -3.71546400054 -3.75734017300 -3.16737698756 -5.56358703345 -3.44914228205 -2.86844141627 -2.97608276471 -4.38038322686 -3.29333761158 -2.76017835494 -3.72218511726 -8.10682367737 -3.96213359594 -3.26124908014 -3.40288349285 -7.56551439788 -4.00847891881
# log_qflo:
 0.00000000000
# log_q_pel:
-1.18628245276
# log_q_recl:
-0.768001924805
# log_Linf:
2.89591193827
# log_k:
-1.68739945390
# log_Lr:
1.93112968161
# log_sr:
0.777644515938
# log_beta:
-0.693147180560
# log_M:
-0.994252273344
# log_h:
0.00000000000
